0031
5489
3024
1600
3141
1923
3907
3310
3989
6550
4523
2220
0298
6083
5603
0553
2775
6054
6222
5073
4899
6658
5997
6191
1677
3449
5429
0230
5431
2420
2283
0894
6061
3706
2313
5473
0792
3026
1940
0098
1285
6477
1088
3923
6367
1121
0044
2643
0571
5796
4424
3537
3402
5114
5458
4374
1877
4847
1668
1721
1351
5906
3224
4936
4589
2759
2517
2758
2682
4842
1317
1129
5795
4595
3300
3550
6121
3991
0558
4743
2213
1404
2826
3726
4573
1155
1123
1116
3927
0704
5660
0016
0586
1157
5879
3858
3536
3535
0737
2885
6368
2637
3771
2302
0798
6052
0357
1189
3095
2498
2744
6231
2628
1823
6271
3829
2165
3139
0423
0424
1114
6706
0847
3111
6743
5137
2619
5820
5209
1572
4249
4537
2741
1212
3510
6611
5936
0290
1986
1768
2285
0925
4283
6683
2308
5346
5962
4378
0759
1124
1350
2496
5136
5644
5709
5965
2443
3149
6629
1072
6117
5618
0413
2486
4713
1042
2483
1743
3071
2571
0376
5781
4389
3094
0013
1509
3728
1305
5638
0647
6152
5794
1108
3527
0433
1585
6134
5140
4970
5156
3776
0886
0945
0220
4955
0326
5482
4464
6533
1562
1329
2201
6668
2071
1738
4394
1432
5584
6480
2492
2314
3911
6654
4327
1080
6527
5165
0745
0408
2231
5266
4925
1995
1946
6045
3117
1704
4638
0122
4552
5694
4902
2274
4546
6457
3239
0645
1702
1988
5354
2757
6224
1727
4747
2253
0215
1734
4731
5568
4975
1335
2742
2059
5315
5878
2530
6616
3393
2574
1894
3856
1642
2030
4309
2029
3262
1819
1343
2362
6048
6679
2773
2005
6734
4900
4305
1730
3701
2811
4061
0895
4518
3976
4744
5195
2018
1700
2366
0844
4733
6110
5466
5511
1195
2662
3640
1811
1218
2527
4717
2300
1521
6343
3403
3372
5803
2187
6492
3499
5942
4172
4597
0438
1045
4960
1663
2375
6085
3305
2764
6264
6281
0073
1097
2591
2409
6170
2169
6020
1430
3356
3609
2999
4964
1355
0801
4618
0780
1618
4223
2655
5361
4402
1173
1469
4611
3834
6497
5295
4469
3250
5262
3830
0183
6424
5157
3123
0100
4391
2957
5577
6008
5087
5027
6036
2755
5693
5754
4631
2048
6490
0262
1125
4132
5897
6037
2241
3035
3376
4298
2528
2489
3455
5778
5475
3045
2708
4239
4737
3083
4661
1294
5033
1138
2147
3309
1143
3949
2825
0099
0229
2024
0406
2196
1918
2548
3244
5763
3682
3413
1844
0585
1217
1630
4710
2858
3122
2848
2726
3973
5159
3191
0750
5934
3600
2861
4299
0936
5651
1361
2692
6649
6127
5228
0502
2398
4843
6299
2616
6034
4326
2938
3061
1780
0697
4583
6505
6060
4773
0588
1806
4541
2384
6294
0953
0443
2292
1984
3700
1991
3295
6587
6009
1929
2712
4149
1905
4157
4585
4823
3418
3547
6402
1126
5299
5364
4310
5973
5831
2232
3469
4036
0642
1939
6185
3990
4174
0820
3170
2288
3606
3253
0557
3979
0445
3307
6572
6116
4468
4372
4141
1201
0077
2495
5129
4764
3569
1903
6528
0593
5981
4851
1536
2739
4411
0640
1029
0092
2488
3183
5471
2269
0307
1468
1641
2801
1636
5082
2809
1425
2148
4579
3924
0778
3417
5691
1186
4296
0456
1134
3737
3069
0551
1424
5488
4294
4711
0026
4059
3121
5276
5057
0150
4481
1724
2875
3579
2658
4706
2886
1866
4281
6432
1408
1558
4311
4632
2045
1729
2932
2899
0996
2833
1667
5059
4306
3914
5811
3232
4779
3437
2041
6503
4271
5060
5467
4242
6673
1638
6602
6322
5664
3702
3002
3204
3057
3451
1198
4991
1281
6013
4526
5394
4163
1529
6746
2031
1219
4104
0008
0943
1122
1044
1075
4929
6731
6600
6467
5591
1917
1950
3586
3190
1933
3981
1583
3207
5943
0341
2538
2216
3803
3870
4672
1497
6321
0595
6073
3553
4429
2425
1613
2770
1109
2936
5512
0739
3885
0939
1354
6680
1076
3065
5392
3328
2882
2887
6694
4240
1782
3888
6430
5663
2991
6604
1182
5608
6452
4555
2533
2159
0580
0434
6542
3432
0401
0646
3864
3709
3074
4682
0923
3168
4554
4781
6195
1949
1885
0942
1547
1039
2944
3747
3133
1230
6759
6186
0373
3543
4428
3012
2849
6465
1422
2956
5375
6042
5966
1725
6445
2540
0562
0909
4547
5956
3610
3680
3686
4644
6011
1037
2260
4146
1061
0536
3412
4000
2740
4728
0296
2501
2993
1930
6429
0641
6627
2289
0007
1773
3765
5615
2068
3188
0078
3047
3945
1679
3005
6174
5428
6348
1514
3605
2500
1873
2462
3578
0111
1962
5822
2504
2559
4961
3545
4205
5563
6526
0967
2738
4186
3584
2646
3465
3186
0038
2270
1848
0810
2920
1139
2982
0954
3386
3322
0368
3255
5641
5917
0225
6744
6274
3583
4051
4763
1428
5980
3297
5430
2381
2412
2240
0143
3254
5994
1665
4383
4703
0913
3650
4147
5030
0164
1837
0770
3010
5080
1598
4041
5819
2580
0146
5982
2791
1744
6296
5957
1353
2219
0339
5812
3852
1612
6758
0706
0705
1589
0304
1118
0403
5035
0217
1635
0370
4040
6362
3613
0248
2804
3857
1444
1981
5777
4921
6040
4802
6732
1603
3926
4116
6372
0240
2520
2660
1120
4295
0042
3385
5815
3648
2158
4397
4716
5362
1190
3639
4355
4774
4234
1344
6375
6493
6494
1091
1207
2315
0804
0904
5061
2955
0811
0402
0966
4709
0700
4123
6302
3027
6145
5135
5486
0662
3006
4668
2424
0660
3072
3915
0746
3021
1434
2312
6753
6118
0036
6532
2161
4596
3995
0049
1797
4460
2954
6064
1316
4658
2866
6038
0435
6193
3638
1171
5827
6502
6473
1065
6514
6007
5909
4289
5784
3009
4543
4058
0047
4750
1931
0937
4079
5647
3444
1989
0670
4994
3742
3087
6698
3355
6664
5507
6441
1510
5287
2316
2400
6190
2036
1079
4831
1956
1968
6455
3935
1199
5505
2004
6081
3977
4577
4259
5281
1706
5616
0664
5886
5574
6039
6278
0195
6017
0244
6487
6178
5005
2426
2661
2324
6540
1262
6440
2404
6696
3582
0944
4857
0573
3532
1084
4207
1133
4362
3137
5884
3573
5217
0239
3947
5620
3312
2382
5967
4639
6351
2880
4653
4094
5444
3423
3092
4977
2279
5476
6025
5575
1615
1546
0072
1090
1639
0703
6739
1003
5768
4462
3136
1057
2998
0826
3941
1650
2890
5518
3795
4284
2688
2605
6105
6537
1390
0900
4803
2895
4080
3906
2027
4594
5617
4883
6718
0517
0311
1969
0383
5621
5885
5487
4714
5072
1901
0927
3384
4949
1898
5200
1302
4896
2361
0322
5711
6460
6323
2272
2818
2310
0190
2277
2067
5469
4081
0796
6084
6603
4742
2769
4121
1637
3298
0577
4044
4352
3987
3308
5432
4072
1447
3189
1248
4375
1846
6125
5911
0014
6681
5438
4047
1893
5974
6650
3668
4945
0749
4959
5026
0094
1033
4442
6226
2598
4730
4613
0115
4353
6126
5327
1896
1110
5356
0439
0235
0431
0694
6569
6129
1525
5611
5284
2694
5404
6063
3415
0450
5999
4667
4903
0293
3011
1043
2824
2889
6730
4328
3669
1952
3944
1973
2040
6671
3884
1511
1565
6239
1004
6074
4943
0429
4244
1928
3318
2146
2760
1748
1391
5410
0946
3256
1580
2218
1563
0497
4817
2864
2579
6506
1197
3580
0197
1320
0325
5738
4938
1031
0540
2431
2183
6752
1315
3205
0912
3521
3540
4129
0994
4248
6306
6619
0744
4290
0295
2665
6273
2539
2870
1623
0432
4273
2626
4441
6400
3603
0173
6165
1142
3685
4270
0043
4924
1179
6108
0579
0096
6153
6016
1671
0981
1707
4581
4140
3104
6369
0887
4923
3369
1154
0045
1757
0761
6581
2199
2719
5508
3965
0917
3576
5007
6209
6471
2952
2689
0237
2494
6660
4939
1884
5351
3568
1301
4178
1804
2364
2003
2588
5348
1633
5077
2208
2863
3114
1895
3498
2990
5955
1331
5456
1137
0567
2291
1861
4726
1617
2707
1060
2734
0908
4269
1845
5912
2408
4635
1172
3984
3574
3894
2264
4272
1260
1834
6719
4962
5311
4131
5497
6227
0343
3787
0525
2678
5779
1224
1392
3546
2163
0360
1573
1064
6361
2365
5420
3294
1348
0149
1741
2305
4707
3722
0639
2376
5557
3286
2171
1085
0989
4917
6740
3234
0396
4895
2276
5474
1077
4920
1632
0392
6751
1000
3625
0888
1345
5813
0910
4280
1318
2988
5556
2743
2177
6657
1069
3277
1298
2307
6130
1737
1567
4641
2069
1330
2639
1951
4636
5977
6677
3118
4978
2951
2634
6141
1040
3467
2282
5115
3113
2663
2325
6272
2599
4643
3710
1440
6051
4105
0948
0247
6010
0574
0841
4467
1761
6029
6353
2432
4674
1185
6431
0644
2945
4926
0426
1673
3791
0344
2550
5669
1626
1621
5388
2595
5459
5509
5360
1429
6072
1246
6076
0086
6015
0303
1919
0337
0535
1876
2872
2562
4876
1169
1225
3161
2794
3252
6196
0012
2395
5896
6454
0534
3620
2421
2792
5054
1944
3552
1141
3967
4762
1314
4252
3249
3046
6446
5730
4719
4177
6097
4427
6399
2544
4989
5599
4549
2537
0241
1966
4828
2259
4609
3301
4640
1879
3409
6653
5104
3628
1287
1805
6229
4037
2022
2921
6381
3457
5855
5102
4127
3723
3129
1352
5958
4330
0397
6630
2170
3414
3494
1611
3982
2705
6022
4536
5224
1144
1264
5028
5169
5339
1868
1554
3983
4152
6708
2204
6745
3470
3629
6484
2010
4634
4125
2287
1654
4043
0890
3058
6425
0842
6030
1459
4591
2523
0554
0665
3783
1975
2681
3672
4082
5163
1074
0544
0568
1640
5883
3647
0265
1308
4919
2038
6697
4408
5659
6449
0138
1664
1470
0779
5226
6438
5938
1624
5637
1582
5692
5780
3150
1907
3890
4848
2879
4260
0992
6750
4602
3008
6607
0388
6050
6478
1658
1674
3060
1015
0196
0070
4666
3548
6014
5504
4089
5933
5300
0956
0740
3448
0029
0683
3192
0103
3447
1649
1818
0988
0227
1853
3497
2237
5632
6062
0186
2711
1680
6761
5138
2581
0509
6618
0566
2497
0185
5592
3555
5193
4542
1835
2675
5457
3845
4356
5695
4873
3241
1619
6246
5198
2286
3966
2706
1794
3708
5222
5916
5158
3144
0444
0935
4898
1854
1532
6756
5128
5146
0091
2072
6265
1815
4393
1856
0074
0584
0299
1306
3663
3931
1666
3724
2166
0264
6687
4204
5303
2263
6516
6058
6204
2698
6563
1900
2188
1462
4171
4720
3667
4905
0883
2558
4983
6713
1808
2179
1342
1820
4070
3067
4170
1081
0980
4235
6147
4078
2555
6623
0899
2049
4864
5652
6659
1086
2802
1809
2919
5139
3410
5454
2572
0901
5001
0263
4801
3093
1839
0378
6741
4874
6135
6128
4648
1349
1579
3326
0046
0095
4771
6092
4120
1833
3796
0898
2233
3556
6075
6376
2280
2419
0166
5793
3541
4584
6748
0774
2193
3897
1875
1008
1825
4444
1093
6033
0556
2654
1220
6531
3066
6123
3859
3236
4721
3904
0455
4398
1115
0294
2149
6500
4963
3380
2981
3853
1983
2251
4652
5666
3901
5895
5710
3679
1449
3611
4760
2150
4168
5298
6146
0025
6289
2569
5232
4684
2153
2597
3169
5726
0249
6450
5249
3172
5979
4844
4325
2369
6483
6609
3769
2157
4459
1067
3985
1754
1107
0578
0531
6686
1772
3458
6682
5825
4183
5344
4175
4210
1519
2145
4417
5285
1415
2491
1564
1360
4749
6481
1578
4027
3406
1299
3794
4513
1401
3851
6113
1792
4904
0690
6168
5029
5785
3683
6286
3163
2946
1158
2667
3059
5804
4942
5002
6695
2223
1237
5570
3900
5243
3581
1461
0309
4646
0087
0648
4182
2221
6277
0003
4238
5708
6507
5723
2950
3461
4380
4055
5961
3903
3126
4776
5485
3974
6023
3860
0238
1908
3950
3445
2367
6282
4705
2238
0738
3033
2484
3800
1954
4538
3456
6512
4528
5239
6256
6114
3554
0104
4756
1904
0663
0928
4052
1601
1938
6755
5786
0030
2542
6461
1236
4927
1996
2987
1826
3206
4053
2805
0773
5470
1850
0539
6669
3519
4090
1367
3320
0762
0453
2265
5698
5056
2377
0034
0234
3675
0918
2756
6041
6716
1438
2028
0188
1622
2862
2477
2189
3732
2933
6710
6485
2761
2224
4642
0934
5003
6210
6700
2186
4420
4922
5395
1657
3542
1526
4557
3394
4965
6583
2243
1891
2025
0385
0685
2810
5142
2007
1059
1426
3290
1897
6717
2641
0218
0984
4736
3145
2422
1410
2847
2267
0532
6447
4130
3452
0037
1530
1104
2531
4778
0741
3233
3673
0088
4189
4449
5613
5330
4237
1358
3761
0452
1513
3096
0342
1216
3124
3109
0048
3240
1192
2817
3064
2526
4568
2686
5810
3070
3223
1752
1463
6595
3838
6291
1987
3792
0521
4880
5971
5635
6183
0310
6466
1774
4403
0437
3243
1852
1993
6192
2060
6053
0279
3391
0221
2190
6605
5972
3263
0137
5782
4376
4430
3023
4824
1602
1168
0924
0097
1357
6476
5649
6534
2690
0266
3664
1571
6043
0083
0504
5314
5271
3869
2892
6295
6049
1223
0530
4940
6120
6044
4445
4988
6098
2915
4213
6059
1362
1732
2066
6498
4169
4979
4292
1807
6177
5078
3464
5390
1413
4236
4811
1423
1747
0223
3327
4935
1756
0922
5201
4490
4930
6711
4128
5675
4657
4176
1980
1328
2670
1240
6206
1303
4122
4126
5889
4425
6415
3764
6370
6504
5614
0699
5472
6585
0165
0848
3314
2154
6462
1046
3251
2815
0283
2891
4725
3000
2881
5455
0313
5435
0425
6509
4954
6270
1132
5607
6560
0982
1849
2306
0896
1791
3479
4539
0039
1795
3665
6729
4592
4986
2832
4610
2252
1892
5032
1239
4951
0743
3187
1010
2666
6382
6491
6733
3601
5923
1992
6513
5676
2592
2414
2578
2656
2762
4054
3676
2293
2370
6280
2652
1284
0130
3912
2152
5818
3235
2549
0430
3081
4535
4976
1231
1758
0176
5131
2570
0035
0794
1167
1402
6704
3731
1722
0440
2846
5893
3549
3068
2814
2168
3459
3284
4267
2275
6760
4812
6608
1490
1982
0906
6588
3404
5996
4754
0350
4915
0427
2295
5729
2360
4704
5741
6606
0592
5606
3238
3684
4187
2768
6198
2234
4894
3612
0964
6448
5910
3037
2860
0261
2418
3185
3817
4897
2683
3476
6357
6403
6018
2156
0687
6459
3893
0905
2467
6693
1941
3887
3585
2563
2294
1581
5766
1857
2642
1297
2371
5987
0301
2026
6205
4617
1009
5576
2545
5699
0428
1723
2657
0167
4521
4871
1656
1280
6489
4606
3634
4388
4287
4576
2368
6520
3304
4062
3775
1755
2411
2803
6354
4931
6652
1200
3085
2713
2524
5111
1471
1767
1836
2638
0698
2521
6349
5306
5960
6346
3411
2896
1221
2621
6456
1726
0142
3626
0170
1341
3208
5643
5238
4665
1414
3313
3939
4578
3162
2917
3735
6228
0949
1035
4285
2281
1655
1073
3699
3961
1403
4201
4669
1967
5988
2772
3362
2584
6582
1860
4379
0897
3160
0582
1568
2164
0998
1406
0978
6599
5633
1066
6006
2867
0991
2151
6584
2160
2439
3222
0454
6056
3036
3090
6558
1874
2466
3416
3868
6275
6267
2787
2684
0940
1443
1467
6035
2476
2433
4937
4872
0449
0093
6166
1094
5569
0027
5609
1858
3143
5622
5948
3097
2236
1793
6300
6355
1913
2635
4934
5425
3460
3565
6344
6093
4974
5650
0902
2953
6057
1508
3681
6610
1140
1359
3861
6594
1597
0226
1974
1911
4621
5964
6133
5968
1464
4620
3760
6590
1389
1119
4590
1545
6470
4133
5594
3762
4724
3999
6077
1238
3500
0769
0995
3948
1972
3988
5734
1156
2309
1092
2625
6763
1912
5667
3572
1771
5460
3846
2948
3614
5494
6747
2745
2913
6021
0763
6499
2480
4247
4819
0911
1202
6207
6648
6685
2648
3303
5773
5393
4738
4605
0291
3544
4071
4593
0306
0144
6320
6762
0407
4153
3420
5345
3604
4519
6692
2230
2437
6024
5212
3551
2935
4471
4254
0952
4106
4450
5639
3627
6266
1556
3692
5316
1372
0907
1652
1113
4461
1445
3996
4650
4527
4769
3004
3972
0257
0089
4261
3865
5983
2304
4291
5672
0919
6258
5053
2070
3397
4038
4633
6106
6501
4139
4540
1006
1979
6586
0758
0775
2865
5924
1177
6628
6463
6244
1228
1028
0569
1441
4739
4545
0442
5630
5601
0151
0258
4985
3886
1653
6292
3419
4233
3306
4645
0635
6247
3296
4358
3980
2378
6482
6592
2901
6070
1651
4782
5850
4258
2687
2039
6122
3509
5058
1068
0002
1659
1082
0041
0281
2963
2301
1421
1356
6742
5492
6078
1191
6082
0349
4399
0212
0542
3044
1243
2198
1570
3287
4212
3855
5640
6518
1089
1112
6495
3539
2197
6539
2290
2943
1740
2541
0843
6220
2754
3364
5662
5484
6546
1945
6464
3854
6004
5405
5174
5631
1557
3968
6107
0951
5722
4185
6712
6115
6284
1559
1411
5551
4245
4715
5919
6666
6112
0541
2714
3323
0686
3463
4414
1566
3734
2215
4556
4282
5821
1705
1417
1534
5816
4839
5920
0324
5468
2850
3495
3567
5004
6555
1838
3446
1971
3502
6287
1775
1321
3112
5749
5071
3422
2868
2823
2793
2207
0818
4619
2460
5800
4881
0028
4150
0589
1605
6444
4588
2989
3361
6164
3630
6305
1880
0821
1827
3874
2730
5995
1942
0669
0638
2155
6194
5764
5814
3107
4118
4822
2992
3382
6171
3073
1099
3649
1676
5645
4928
3062
6568
6662
6715
5493
3392
1347
1947
2947
6223
6401
0084
5227
4529
1760
0583
2786
0920
0282
6469
5604
5253
6601
0696
1332
1446
1524
4363
4814
4533
3942
1548
6124
1661
4604
4671
6269
3920
0701
3533
3245
6458
5113
1307
1070
3797
3142
3733
3125
1327
1643
1187
4137
5036
6356
0163
1078
2463
5091
5286
1934
5648
2192
5173
0436
3443
4768
3140
2273
0040
1958
3812
3940
0882
3635
4364
4775
0791
4297
5887
2195
3531
3703
1584
3538
1520
1587
5605
3986
2065
3366
1533
0446
6632
0005
4953
6179
3759
5513
5208
2487
5905
0033
3530
1569
2617
1095
3395
6488
6175
0268
5758
6754
2481
0748
2696
3677
2671
0747
5598
6027
4856
4422
5230
3866
3575
4357
1606
6297
2493
0090
3237
1326
5088
6197
1041
0369
2596
0985
3468
5922
4293
1890
2627
4670
0489
3158
2729
4566
3978
3727
6735
0194
1935
3421
2075
5034
6169
0079
4862
5937
2032
1937
2278
4948
3632
0321
2257
5854
6086
5008
0292
1213
6486
5055
3450
1540
2691
5783
1300
6571
4124
5407
4412
0880
3381
3670
0999
1439
1007
1703
5076
6290
5090
0448
4815
1175
5025
2073
2653
2980
1867
5503
6443
2525
6019
4119
4401
4770
1631
1296
4805
4243
4418
2534
2529
6655
1136
0797
1261
4755
0136
5233
6119
1599
1998
2214
0105
2202
3182
2620
3781
0555
4980
0950
2502
6709
3992
0351
1063
4723
6071
3319
1577
4992
6087
5112
1625
0177
4190
4416
1660
6714
2374
0405
2813
1527
4906
4091
4966
0702
0537
5461
0367
2710
3921
5491
4268
4329
2676
4173
6028
1436
0933
3805
5250
5223
5075
1910
2372
3088
5501
0387
1878
2594
0514
3637
6225
6701
3930
5743
4145
2845
6647
6032
4288
2651
0140
3159
1038
1487
0184
4377
5596
0224
4637
5341
4551
4916
3602
0955
2037
0970
2212
3975
0015
3171
3106
6371
2239
5634
5742
4211
0001
0359
2560
5363
5619
3453
0004
2203
6656
1840
1498
1460
2669
6046
5921
5516
2774
1588
6565
1203
4446
1431
4354
1181
4660
5756
6360
3086
0451
4973
0219
3633
4846
2695
5561
5629
1102
2258
2831
0162
3203
5000
5464
6439
4614
0938
2623
0006
4324
6031
4757
0172
0572
3466
4413
4987
1103
4820
2697
6661
3151
0187
1970
6674
2693
2888
5597
3867
2979
6699
0071
6384
0422
0245
4423
5319
1334
6651
5755
2941
1098
1309
2859
6251
5998
0855
5389
1222
1735
1405
6749
4829
1528
1817
5081
6188
6580
6350
3802
0300
4607
2475
2940
3401
2551
3390
5801
3804
2359
4967
3173
4878
5181
0983
2284
1790
6167
2532
5305
1178
6065
0790
1241
3671
4313
1196
5757
2438
3132
2939
2380
1283
2200
5636
2644
2006
3831
0526
2771
5944
0771
3164
6109
3063
5236
0695
3863
4727
5595
6111
1333
4480
0366
2984
2413
4956
5572
4708
3317
6472
4165
3508
0348
1002
4184
1720
5462
5423
1131
4431
5602
5012
2949
4783
2176
2081
4722
1253
4832
5600
1322
5610
3316
0581
1232
4968
5918
4946
2522
0278
2459
3102
1957
2373
0756
2812
1553
5242
0228
1056
3790
4136
1032
5593
0817
2789
4314
1096
3913
0024
4675
5074
6012
4608
4944
3674
1087
5760
2624
6352
5031
1205
2844
0010
2983
3167
4548
1452
3056
1206
3891
0297
4612
2461
6684
0312
3998
0973
2640
4308
2685
5823
3534
4544
2830
2303
3430
6551
1886
3932
0990
4772
1412
6380
3285
1193
4034
0134
1105
0519
0764
0527
0362
1841
1843
4465
4451
0668
5735
1346
4981
1263
4250
5646
5368
6667
0382
0742
3354
3928
2261
4181
4458
1796
6702
6517
6279
0643
6678
0032
3678
1363
1953
6442
0400
6591
4045
1560
1127
0971
3993
0545
5490
5177
6026
4957
2074
5352
2918
1614
1731
4381
6285
2674
4740
1419
2964
1964
4514
4241
5970
3951
4825
0404
1739
5231
1523
3631
6593
3119
3278
1364
0666
6374
6665
6496
6474
6589
4463
2869
2296
2490
4984
3242
1604
4813
5343
1561
0947
5642
1235
6358
1135
1662
3115
2785
5416
4996
1282
6245
0816
0772
5283
6347
5612
0391
1473
2871
3022
6005
3564
1416
4553
4586
5481
1117
1365
6069
0050
0051
0052
0053
0054
0056
0057
0058
0059
0060
0061
0062
0063
0064
0066
0068
0075
0076
0081
0107
0109
0116
0126
0145
0155
0156
0157
0159
0160
0161
0189
0191
0192
0193
0200
0201
0202
0203
0204
0205
0206
0207
0208
0209
0210
0211
0232
0233
0269
0270
0271
0272
0273
0274
0275
0276
0277
0284
0285
0286
0287
0288
0289
0302
0315
0316
0318
0319
0320
0327
0328
0329
0330
0331
0332
0340
0352
0353
0355
0358
0375
0399
0416
0417
0458
0459
0460
0461
0462
0463
0466
0467
0469
0471
0474
0476
0479
0480
0481
0482
0483
0484
0485
0486
0488
0493
0500
0520
0528
0529
0547
0548
0549
0559
0560
0561
0597
0599
0600
0604
0609
0614
0618
0621
0626
0633
0636
0637
0650
0651
0656
0657
0658
0659
0672
0673
0677
0678
0679
0681
0682
0684
0688
0691
0692
0693
0708
0709
0710
0711
0714
0716
0717
0718
0720
0721
0722
0723
0726
0727
0728
0730
0731
0732
0733
0734
0736
0753
0754
0755
0765
0766
0767
0768
0781
0783
0784
0785
0787
0788
0803
0809
0815
0824
0825
0828
0835
0851
0856
0857
0858
0859
0862
0868
0870
0872
0874
0875
0877
0891
0892
0893
0903
0929
0930
0931
0932
0957
0960
0961
0974
0975
0976
0977
1012
1013
1014
1016
1018
1019
1020
1021
1050
1052
1053
1054
1058
1145
1146
1147
1148
1149
1150
1151
1152
1153
1159
1160
1161
1162
1163
1164
1166
1170
1208
1226
1227
1233
1234
1244
1245
1251
1252
1254
1255
1257
1258
1265
1266
1267
1268
1269
1271
1272
1273
1275
1277
1278
1288
1289
1290
1291
1292
1293
1310
1311
1312
1323
1324
1325
1336
1337
1338
1339
1340
1368
1369
1370
1373
1375
1376
1377
1378
1379
1380
1381
1383
1384
1385
1386
1387
1388
1393
1400
1433
1437
1450
1465
1466
1476
1499
1515
1516
1518
1537
1538
1552
1574
1575
1576
1590
1591
1592
1593
1594
1595
1607
1608
1609
1610
1627
1628
1629
1646
1647
1669
1670
1672
1683
1684
1686
1689
1709
1710
1711
1712
1713
1714
1715
1719
1728
1742
1750
1751
1762
1763
1764
1765
1769
1770
1776
1777
1783
1784
1785
1786
1787
1798
1799
1800
1801
1802
1829
1830
1831
1832
1863
1865
1869
1870
1871
1872
1882
1883
1889
1909
1959
1960
1961
1976
1977
1978
1999
2000
2001
2002
2015
2017
2021
2043
2044
2050
2051
2053
2054
2055
2056
2057
2058
2061
2062
2064
2077
2078
2079
2080
2083
2087
2090
2091
2092
2098
2099
2100
2101
2102
2103
2105
2106
2112
2116
2118
2120
2123
2127
2130
2131
2139
2142
2143
2162
2174
2175
2178
2182
2184
2185
2191
2205
2206
2210
2228
2229
2235
2254
2255
2256
2266
2297
2298
2299
2311
2317
2318
2319
2320
2321
2322
2323
2326
2327
2329
2331
2332
2333
2334
2335
2336
2337
2339
2340
2341
2342
2343
2344
2345
2346
2348
2354
2355
2357
2358
2379
2386
2387
2388
2389
2390
2391
2392
2393
2396
2397
2401
2402
2403
2406
2407
2410
2415
2417
2428
2429
2434
2435
2436
2441
2445
2447
2448
2449
2450
2451
2453
2454
2456
2468
2469
2470
2471
2506
2507
2508
2509
2510
2511
2512
2513
2514
2515
2516
2546
2552
2553
2561
2564
2565
2566
2567
2568
2575
2576
2577
2609
2611
2614
2615
2629
2631
2632
2633
2647
2649
2650
2668
2672
2677
2703
2715
2716
2717
2722
2725
2727
2746
2748
2749
2751
2765
2766
2767
2776
2777
2778
2779
2780
2781
2795
2796
2798
2799
2800
2807
2808
2819
2820
2821
2822
2827
2828
2834
2835
2837
2840
2841
2842
2843
2851
2852
2853
2854
2856
2876
2877
2878
2883
2884
2894
2908
2912
2924
2925
2926
2927
2928
2930
2934
2959
2961
2965
2969
2970
2971
2972
2973
2974
2975
2976
2977
2978
2994
2995
2996
2997
3013
3014
3015
3016
3017
3018
3019
3020
3025
3028
3029
3030
3031
3048
3049
3050
3051
3052
3053
3054
3055
3075
3078
3079
3098
3099
3100
3101
3165
3166
3174
3175
3176
3177
3178
3179
3180
3195
3196
3197
3198
3199
3200
3201
3202
3209
3210
3212
3213
3214
3215
3216
3217
3218
3219
3220
3221
3225
3227
3228
3229
3230
3246
3247
3248
3264
3265
3266
3267
3268
3270
3271
3288
3293
3330
3333
3334
3335
3336
3337
3338
3339
3340
3341
3342
3343
3344
3345
3346
3347
3348
3349
3352
3358
3359
3367
3383
3387
3388
3396
3398
3399
3400
3425
3427
3428
3429
3440
3441
3442
3454
3462
3472
3473
3474
3480
3481
3482
3483
3485
3486
3487
3491
3492
3493
3503
3505
3506
3507
3513
3514
3558
3559
3560
3562
3563
3566
3570
3571
3577
3587
3588
3589
3590
3591
3592
3593
3594
3595
3596
3597
3598
3599
3615
3617
3618
3619
3621
3622
3623
3624
3636
3651
3652
3654
3655
3656
3657
3687
3688
3690
3693
3694
3695
3696
3697
3698
3704
3713
3714
3715
3716
3718
3719
3720
3721
3748
3749
3750
3751
3752
3755
3763
3768
3770
3788
3799
3806
3807
3808
3809
3810
3811
3819
3824
3825
3826
3827
3828
3842
3843
3848
3849
3850
3862
3871
3873
3875
3876
3877
3879
3880
3881
3882
3883
3898
3899
3905
3908
3909
3917
3918
3925
3936
3937
3952
3954
3955
3956
3957
3958
3962
3963
3964
3969
3970
3971
3994
4001
4002
4008
4009
4010
4011
4013
4014
4015
4016
4018
4020
4021
4023
4024
4026
4029
4030
4031
4032
4033
4049
4056
4063
4064
4065
4066
4068
4069
4073
4074
4075
4076
4077
4083
4084
4085
4086
4087
4088
4092
4095
4096
4097
4098
4099
4100
4101
4102
4103
4107
4109
4110
4111
4112
4113
4114
4115
4135
4142
4143
4159
4160
4161
4166
4191
4193
4194
4195
4196
4198
4200
4214
4215
4216
4218
4219
4220
4221
4262
4263
4264
4265
4274
4275
4276
4277
4278
4279
4286
4300
4301
4302
4303
4307
4312
4315
4316
4317
4318
4319
4320
4322
4323
4331
4334
4335
4338
4339
4340
4342
4344
4345
4347
4348
4350
4351
4361
4366
4367
4368
4369
4386
4387
4395
4396
4404
4405
4406
4407
4410
4419
4432
4433
4435
4436
4437
4438
4439
4440
4447
4448
4455
4456
4457
4475
4482
4483
4486
4487
4488
4489
4492
4493
4494
4495
4496
4497
4498
4499
4500
4501
4502
4503
4504
4505
4506
4507
4508
4509
4510
4511
4512
4515
4516
4530
4531
4532
4550
4558
4560
4561
4562
4564
4565
4567
4570
4571
4572
4580
4587
4654
4655
4656
4662
4663
4664
4679
4686
4687
4688
4690
4691
4692
4693
4694
4696
4697
4698
4700
4702
4734
4735
4746
4748
4751
4753
4765
4766
4767
4785
4786
4787
4788
4789
4790
4791
4792
4793
4794
4795
4796
4797
4800
4806
4807
4808
4809
4826
4827
4834
4835
4849
4859
4860
4861
4863
4865
4866
4867
4868
4869
4870
4907
4908
4909
4910
4911
4912
4913
5014
5015
5016
5018
5020
5021
5022
5037
5038
5039
5040
5041
5042
5043
5044
5045
5046
5047
5048
5049
5050
5051
5052
5062
5063
5064
5065
5066
5067
5068
5069
5083
5084
5085
5086
5093
5094
5097
5098
5099
5100
5101
5116
5117
5118
5120
5123
5124
5126
5147
5148
5149
5150
5152
5153
5154
5155
5167
5245
5248
5307
5308
5320
5321
5322
5323
5324
5325
5326
5328
5337
5338
5369
5381
5382
5384
5385
5396
5397
5399
5426
5433
5436
5437
5439
5441
5442
5443
5446
5447
5448
5449
5452
5453
5478
5480
5499
5514
5515
5524
5525
5527
5529
5530
5531
5534
5535
5537
5539
5540
5541
5543
5545
5548
5550
5552
5553
5554
5555
5558
5559
5560
5562
5564
5565
5566
5567
5571
5578
5579
5580
5581
5582
5583
5585
5586
5587
5588
5589
5590
5623
5624
5625
5626
5627
5628
5653
5658
5687
5688
5689
5690
5696
5702
5703
5704
5705
5706
5707
5712
5713
5714
5715
5716
5717
5718
5719
5720
5733
5736
5737
5740
5744
5747
5769
5770
5771
5772
5775
5776
5787
5788
5789
5791
5792
5797
5798
5809
5842
5847
5856
5857
5861
5862
5863
5865
5867
5872
5874
5875
5876
5877
5880
5881
5882
5890
5891
5892
5899
5900
5902
5907
5908
5915
5925
5926
5927
5928
5929
5930
5931
5932
5954
5986
5989
5990
5991
5992
5993
6000
6001
6002
6003
6055
6088
6090
6091
6094
6095
6096
6100
6101
6102
6103
6104
6132
6136
6137
6138
6139
6142
6143
6144
6149
6150
6151
6154
6155
6158
6159
6160
6161
6162
6176
6189
6199
6201
6211
6212
6213
6214
6215
6216
6217
6218
6219
6233
6234
6235
6236
6237
6238
6260
6261
6263
6276
6309
6310
6311
6312
6314
6315
6316
6317
6319
6324
6326
6327
6328
6329
6330
6331
6333
6336
6337
6338
6341
6342
6363
6364
6365
6366
6388
6392
6395
6397
6404
6405
6406
6407
6409
6426
6427
6428
6434
6435
6436
6437
6468
6475
6547
6549
6556
6557
6575
6577
6596
6597
6598
6613
6614
6615
6621
6622
6624
6625
6626
6635
6636
6637
6639
6640
6642
6643
6644
6646
6663
6675
6676
6688
6689
6690
6705
6707
6720
6721
6722
6723
6724
6725
6726
6727
6728
6736
6737
6764
6765
6766
